center_x = 91.86601257324219
center_y = 114.25546264648438
center_z = 107.44774627685547
size_x = 46.763999938964844
size_y = 52.327003479003906
size_z = 64.20000457763672
