center_x = 118.92520904541016
center_y = 126.93793487548828
center_z = 115.32893371582031
size_x = 49.727996826171875
size_y = 54.85700225830078
size_z = 66.36199951171875
