center_x = 95.32847595214844
center_y = 114.6426773071289
center_z = 103.5046157836914
size_x = 45.31199645996094
size_y = 58.394996643066406
size_z = 81.0989990234375
