center_x = 88.37474822998047
center_y = 64.78046417236328
center_z = 72.34793853759766
size_x = 48.2599983215332
size_y = 57.62099838256836
size_z = 58.742000579833984
