center_x = 97.46327209472656
center_y = 108.2603530883789
center_z = 98.07140350341797
size_x = 45.13500213623047
size_y = 57.79400634765625
size_z = 83.10800170898438
