center_x = 95.51023864746094
center_y = 99.2192153930664
center_z = 87.9664535522461
size_x = 42.36000061035156
size_y = 60.39800262451172
size_z = 58.79899978637695
