center_x = 117.05667114257812
center_y = 121.51365661621094
center_z = 136.9305877685547
size_x = 51.52100372314453
size_y = 62.540000915527344
size_z = 54.331993103027344
