center_x = 156.47589111328125
center_y = 150.41424560546875
center_z = 156.31871032714844
size_x = 46.1719970703125
size_y = 46.90400695800781
size_z = 105.28199768066406
