center_x = 105.83270263671875
center_y = 124.3399429321289
center_z = 114.742919921875
size_x = 46.02899932861328
size_y = 58.685997009277344
size_z = 71.9100112915039
