center_x = 105.10407257080078
center_y = 124.11482238769531
center_z = 109.90695190429688
size_x = 43.60400390625
size_y = 58.6199951171875
size_z = 62.094993591308594
