center_x = 93.32740783691406
center_y = 106.66895294189453
center_z = 88.76181030273438
size_x = 64.34400177001953
size_y = 41.548004150390625
size_z = 60.88699722290039
