center_x = 97.59273529052734
center_y = 105.61548614501953
center_z = 90.59492492675781
size_x = 61.506004333496094
size_y = 51.96399688720703
size_z = 69.49099731445312
